camera_name: Pinhole ODMS Camera
image_dim: [480,640]
fx: 240.5
fy: 240.5
cx: 320.5
cy: 240.5